ASTAR: Stopping Powers and Range Tables for Alpha Particles

HYDROGEN                                                                

Kinetic  	Total    	CSDA     	
Energy   	Stp. Pow.	Range    	
MeV      	MeV cm2/g	g/cm2    	

1.000E-03	1.264E+03	7.480E-07	
1.500E-03	1.202E+03	1.154E-06	
2.000E-03	1.163E+03	1.577E-06	
2.500E-03	1.140E+03	2.012E-06	
3.000E-03	1.127E+03	2.453E-06	
4.000E-03	1.123E+03	3.344E-06	
5.000E-03	1.136E+03	4.230E-06	
6.000E-03	1.158E+03	5.102E-06	
7.000E-03	1.187E+03	5.955E-06	
8.000E-03	1.220E+03	6.786E-06	
9.000E-03	1.255E+03	7.595E-06	
1.000E-02	1.292E+03	8.380E-06	
1.250E-02	1.389E+03	1.025E-05	
1.500E-02	1.488E+03	1.198E-05	
1.750E-02	1.588E+03	1.361E-05	
2.000E-02	1.687E+03	1.514E-05	
2.250E-02	1.784E+03	1.658E-05	
2.500E-02	1.880E+03	1.794E-05	
2.750E-02	1.974E+03	1.924E-05	
3.000E-02	2.066E+03	2.048E-05	
3.500E-02	2.246E+03	2.280E-05	
4.000E-02	2.418E+03	2.494E-05	
4.500E-02	2.585E+03	2.694E-05	
5.000E-02	2.746E+03	2.882E-05	
5.500E-02	2.902E+03	3.059E-05	
6.000E-02	3.053E+03	3.227E-05	
6.500E-02	3.200E+03	3.387E-05	
7.000E-02	3.342E+03	3.540E-05	
7.500E-02	3.481E+03	3.686E-05	
8.000E-02	3.616E+03	3.827E-05	
8.500E-02	3.748E+03	3.963E-05	
9.000E-02	3.876E+03	4.094E-05	
9.500E-02	4.001E+03	4.221E-05	
1.000E-01	4.123E+03	4.344E-05	
1.250E-01	4.691E+03	4.912E-05	
1.500E-01	5.198E+03	5.417E-05	
1.750E-01	5.652E+03	5.878E-05	
2.000E-01	6.056E+03	6.305E-05	
2.250E-01	6.416E+03	6.705E-05	
2.500E-01	6.735E+03	7.086E-05	
2.750E-01	7.016E+03	7.449E-05	
3.000E-01	7.261E+03	7.799E-05	
3.500E-01	7.655E+03	8.469E-05	
4.000E-01	7.935E+03	9.110E-05	
4.500E-01	8.118E+03	9.732E-05	
5.000E-01	8.220E+03	1.034E-04	
5.500E-01	8.255E+03	1.095E-04	
6.000E-01	8.237E+03	1.156E-04	
6.500E-01	8.175E+03	1.217E-04	
7.000E-01	8.079E+03	1.278E-04	
7.500E-01	7.959E+03	1.340E-04	
8.000E-01	7.819E+03	1.404E-04	
8.500E-01	7.666E+03	1.468E-04	
9.000E-01	7.504E+03	1.534E-04	
9.500E-01	7.337E+03	1.602E-04	
1.000E+00	7.167E+03	1.671E-04	
1.250E+00	6.352E+03	2.041E-04	
1.500E+00	5.654E+03	2.459E-04	
1.750E+00	5.074E+03	2.926E-04	
2.000E+00	4.593E+03	3.445E-04	
2.250E+00	4.193E+03	4.015E-04	
2.500E+00	3.865E+03	4.637E-04	
2.750E+00	3.589E+03	5.309E-04	
3.000E+00	3.354E+03	6.030E-04	
3.500E+00	2.974E+03	7.616E-04	
4.000E+00	2.678E+03	9.391E-04	
4.500E+00	2.440E+03	1.135E-03	
5.000E+00	2.244E+03	1.349E-03	
5.500E+00	2.080E+03	1.580E-03	
5.869E+00	1.975E+03	1.762E-03	
6.000E+00	1.941E+03	1.829E-03	
6.500E+00	1.820E+03	2.096E-03	
7.000E+00	1.715E+03	2.379E-03	
7.500E+00	1.622E+03	2.679E-03	
8.000E+00	1.539E+03	2.995E-03	
8.500E+00	1.466E+03	3.328E-03	
9.000E+00	1.399E+03	3.678E-03	
9.500E+00	1.339E+03	4.043E-03	
1.000E+01	1.284E+03	4.424E-03	
1.250E+01	1.069E+03	6.568E-03	
1.500E+01	9.200E+02	9.097E-03	
1.750E+01	8.096E+02	1.200E-02	
2.000E+01	7.245E+02	1.527E-02	
2.500E+01	6.013E+02	2.288E-02	
2.750E+01	5.551E+02	2.721E-02	
3.000E+01	5.160E+02	3.189E-02	
3.500E+01	4.533E+02	4.225E-02	
4.000E+01	4.051E+02	5.394E-02	
4.500E+01	3.668E+02	6.693E-02	
5.000E+01	3.356E+02	8.120E-02	
5.500E+01	3.096E+02	9.672E-02	
6.000E+01	2.877E+02	1.135E-01	
6.500E+01	2.689E+02	1.315E-01	
7.000E+01	2.526E+02	1.507E-01	
7.500E+01	2.384E+02	1.710E-01	
8.000E+01	2.258E+02	1.926E-01	
8.500E+01	2.145E+02	2.153E-01	
9.000E+01	2.045E+02	2.392E-01	
9.500E+01	1.954E+02	2.642E-01	
1.000E+02	1.871E+02	2.904E-01	
1.250E+02	1.553E+02	4.378E-01	
1.500E+02	1.335E+02	6.120E-01	
1.750E+02	1.175E+02	8.121E-01	
2.000E+02	1.053E+02	1.037E+00	
2.250E+02	9.574E+01	1.287E+00	
2.500E+02	8.795E+01	1.559E+00	
2.750E+02	8.151E+01	1.855E+00	
3.000E+02	7.609E+01	2.172E+00	
3.500E+02	6.746E+01	2.872E+00	
4.000E+02	6.089E+01	3.654E+00	
4.500E+02	5.572E+01	4.513E+00	
5.000E+02	5.154E+01	5.447E+00	
5.500E+02	4.809E+01	6.452E+00	
6.000E+02	4.520E+01	7.526E+00	
6.500E+02	4.274E+01	8.664E+00	
7.000E+02	4.061E+01	9.865E+00	
7.500E+02	3.877E+01	1.113E+01	
8.000E+02	3.714E+01	1.244E+01	
8.500E+02	3.571E+01	1.382E+01	
9.000E+02	3.443E+01	1.524E+01	
9.500E+02	3.328E+01	1.672E+01	
1.000E+03	3.225E+01	1.825E+01	