ASTAR: Stopping Powers and Range Tables for Alpha Particles

WATER, LIQUID                                                           

Kinetic  	Total    	CSDA     	
Energy   	Stp. Pow.	Range    	
MeV      	MeV cm2/g	g/cm2    	

1.000E-03	3.271E+02	3.273E-06	
1.500E-03	3.305E+02	4.789E-06	
2.000E-03	3.342E+02	6.294E-06	
2.500E-03	3.386E+02	7.781E-06	
3.000E-03	3.435E+02	9.247E-06	
4.000E-03	3.546E+02	1.211E-05	
5.000E-03	3.667E+02	1.489E-05	
6.000E-03	3.793E+02	1.757E-05	
7.000E-03	3.921E+02	2.016E-05	
8.000E-03	4.049E+02	2.267E-05	
9.000E-03	4.177E+02	2.510E-05	
1.000E-02	4.304E+02	2.746E-05	
1.250E-02	4.615E+02	3.307E-05	
1.500E-02	4.916E+02	3.831E-05	
1.750E-02	5.205E+02	4.325E-05	
2.000E-02	5.484E+02	4.793E-05	
2.250E-02	5.752E+02	5.238E-05	
2.500E-02	6.012E+02	5.663E-05	
2.750E-02	6.263E+02	6.071E-05	
3.000E-02	6.506E+02	6.462E-05	
3.500E-02	6.971E+02	7.204E-05	
4.000E-02	7.411E+02	7.900E-05	
4.500E-02	7.830E+02	8.556E-05	
5.000E-02	8.230E+02	9.179E-05	
5.500E-02	8.612E+02	9.772E-05	
6.000E-02	8.980E+02	1.034E-04	
6.500E-02	9.333E+02	1.089E-04	
7.000E-02	9.674E+02	1.141E-04	
7.500E-02	1.000E+03	1.192E-04	
8.000E-02	1.032E+03	1.241E-04	
8.500E-02	1.063E+03	1.289E-04	
9.000E-02	1.093E+03	1.335E-04	
9.500E-02	1.122E+03	1.381E-04	
1.000E-01	1.151E+03	1.425E-04	
1.250E-01	1.281E+03	1.630E-04	
1.500E-01	1.397E+03	1.817E-04	
1.750E-01	1.500E+03	1.989E-04	
2.000E-01	1.593E+03	2.151E-04	
2.250E-01	1.677E+03	2.304E-04	
2.500E-01	1.752E+03	2.450E-04	
2.750E-01	1.820E+03	2.590E-04	
3.000E-01	1.881E+03	2.725E-04	
3.500E-01	1.985E+03	2.983E-04	
4.000E-01	2.069E+03	3.230E-04	
4.500E-01	2.134E+03	3.467E-04	
5.000E-01	2.184E+03	3.699E-04	
5.500E-01	2.220E+03	3.926E-04	
6.000E-01	2.245E+03	4.150E-04	
6.500E-01	2.260E+03	4.372E-04	
7.000E-01	2.266E+03	4.593E-04	
7.500E-01	2.266E+03	4.813E-04	
8.000E-01	2.260E+03	5.034E-04	
8.500E-01	2.248E+03	5.256E-04	
9.000E-01	2.233E+03	5.479E-04	
9.500E-01	2.215E+03	5.704E-04	
1.000E+00	2.193E+03	5.931E-04	
1.250E+00	2.052E+03	7.107E-04	
1.500E+00	1.898E+03	8.374E-04	
1.750E+00	1.754E+03	9.744E-04	
2.000E+00	1.625E+03	1.123E-03	
2.250E+00	1.512E+03	1.282E-03	
2.500E+00	1.415E+03	1.453E-03	
2.750E+00	1.330E+03	1.635E-03	
3.000E+00	1.257E+03	1.829E-03	
3.500E+00	1.133E+03	2.249E-03	
4.000E+00	1.035E+03	2.711E-03	
4.500E+00	9.535E+02	3.215E-03	
5.000E+00	8.855E+02	3.759E-03	
5.500E+00	8.275E+02	4.344E-03	
6.000E+00	7.777E+02	4.967E-03	
6.500E+00	7.340E+02	5.630E-03	
7.000E+00	6.954E+02	6.330E-03	
7.500E+00	6.612E+02	7.067E-03	
8.000E+00	6.306E+02	7.842E-03	
8.500E+00	6.030E+02	8.653E-03	
9.000E+00	5.780E+02	9.500E-03	
9.500E+00	5.552E+02	1.038E-02	
1.000E+01	5.344E+02	1.130E-02	
1.250E+01	4.517E+02	1.641E-02	
1.500E+01	3.930E+02	2.236E-02	
1.750E+01	3.489E+02	2.913E-02	
2.000E+01	3.146E+02	3.668E-02	
2.500E+01	2.641E+02	5.411E-02	
2.750E+01	2.449E+02	6.394E-02	
3.000E+01	2.286E+02	7.452E-02	
3.500E+01	2.021E+02	9.783E-02	
4.000E+01	1.816E+02	1.240E-01	
4.500E+01	1.652E+02	1.529E-01	
5.000E+01	1.517E+02	1.845E-01	
5.500E+01	1.405E+02	2.188E-01	
6.000E+01	1.309E+02	2.557E-01	
6.500E+01	1.227E+02	2.951E-01	
7.000E+01	1.155E+02	3.372E-01	
7.500E+01	1.092E+02	3.817E-01	
8.000E+01	1.037E+02	4.287E-01	
8.500E+01	9.869E+01	4.781E-01	
9.000E+01	9.421E+01	5.300E-01	
9.500E+01	9.017E+01	5.843E-01	
1.000E+02	8.649E+01	6.409E-01	
1.250E+02	7.219E+01	9.588E-01	
1.500E+02	6.232E+01	1.333E+00	
1.750E+02	5.508E+01	1.760E+00	
2.000E+02	4.952E+01	2.240E+00	
2.250E+02	4.512E+01	2.770E+00	
2.500E+02	4.154E+01	3.348E+00	
2.750E+02	3.857E+01	3.973E+00	
3.000E+02	3.606E+01	4.644E+00	
3.500E+02	3.206E+01	6.118E+00	
4.000E+02	2.901E+01	7.760E+00	
4.500E+02	2.660E+01	9.562E+00	
5.000E+02	2.465E+01	1.152E+01	
5.500E+02	2.303E+01	1.362E+01	
6.000E+02	2.168E+01	1.586E+01	
6.500E+02	2.052E+01	1.823E+01	
7.000E+02	1.952E+01	2.073E+01	
7.500E+02	1.865E+01	2.335E+01	
8.000E+02	1.789E+01	2.609E+01	
8.500E+02	1.721E+01	2.894E+01	
9.000E+02	1.661E+01	3.190E+01	
9.500E+02	1.607E+01	3.496E+01	
1.000E+03	1.558E+01	3.812E+01	